1 0.124306 0.613194 0.198611 0.195833
2 0.381250 0.618056 0.190278 0.186111
1 0.868056 0.622917 0.197222 0.193056
0 0.867361 0.367361 0.193056 0.193056
0 0.376389 0.124306 0.183333 0.181944
3 0.609722 0.130556 0.186111 0.188889
3 0.365972 0.357639 0.190278 0.195833
6 0.622222 0.371528 0.183333 0.184722
6 0.632639 0.618750 0.179167 0.193056
8 0.891667 0.838194 0.180556 0.176389
5 0.633333 0.872222 0.205556 0.197222
5 0.140278 0.886111 0.183333 0.191667
7 0.366667 0.888889 0.197222 0.191667
7 0.122222 0.131250 0.197222 0.198611
4 0.138194 0.376389 0.198611 0.194444
4 0.872917 0.130556 0.198611 0.191667
