4 0.633333 0.370833 0.186111 0.188889
4 0.137500 0.393056 0.194444 0.197222
7 0.392361 0.626389 0.195833 0.200000
7 0.383333 0.117361 0.194444 0.193056
0 0.629167 0.135417 0.188889 0.190278
0 0.370833 0.370139 0.183333 0.193056
3 0.112500 0.140278 0.177778 0.188889
3 0.859722 0.627778 0.177778 0.188889
1 0.886111 0.372222 0.188889 0.186111
1 0.623611 0.627778 0.186111 0.188889
2 0.390972 0.877083 0.212500 0.201389
8 0.613889 0.868056 0.180556 0.186111
5 0.872917 0.124306 0.184722 0.184722
5 0.878472 0.871528 0.187500 0.184722
6 0.140278 0.639583 0.194444 0.195833
6 0.122222 0.892361 0.188889 0.190278
