6 0.145139 0.637500 0.184722 0.194444
6 0.650694 0.881250 0.190278 0.193056
7 0.368056 0.381250 0.197222 0.198611
7 0.879167 0.610417 0.197222 0.195833
8 0.385417 0.622222 0.195833 0.191667
8 0.143056 0.361111 0.191667 0.177778
5 0.622222 0.364583 0.197222 0.198611
5 0.154861 0.872917 0.181944 0.184722
4 0.627083 0.111806 0.190278 0.193056
4 0.639583 0.629861 0.187500 0.193056
3 0.847917 0.131250 0.195833 0.187500
3 0.359722 0.856944 0.186111 0.202778
1 0.883333 0.871528 0.202778 0.212500
1 0.126389 0.120833 0.200000 0.200000
2 0.389583 0.109722 0.179167 0.180556
0 0.866667 0.363889 0.191667 0.183333
