5 0.359028 0.598611 0.176389 0.180556
4 0.626389 0.376389 0.194444 0.191667
4 0.123611 0.117361 0.202778 0.193056
3 0.390278 0.382639 0.183333 0.187500
3 0.864583 0.611806 0.176389 0.187500
0 0.649306 0.616667 0.184722 0.200000
0 0.861111 0.112500 0.191667 0.200000
2 0.370833 0.111806 0.200000 0.195833
2 0.406944 0.897917 0.188889 0.201389
8 0.633333 0.868750 0.183333 0.184722
8 0.123611 0.617361 0.194444 0.187500
7 0.127083 0.375000 0.209722 0.208333
7 0.143056 0.877083 0.205556 0.204167
1 0.870139 0.370833 0.187500 0.197222
1 0.897917 0.853472 0.201389 0.206944
6 0.630556 0.137500 0.200000 0.194444
