6 0.374306 0.374306 0.193056 0.187500
0 0.385417 0.138194 0.187500 0.181944
0 0.365278 0.629167 0.186111 0.205556
3 0.392361 0.859028 0.190278 0.193056
3 0.629861 0.867361 0.201389 0.195833
8 0.872222 0.615278 0.188889 0.186111
8 0.888889 0.346528 0.188889 0.206944
2 0.875694 0.121528 0.193056 0.195833
2 0.884028 0.856250 0.187500 0.187500
1 0.616667 0.359028 0.200000 0.190278
1 0.129861 0.128472 0.195833 0.201389
4 0.629861 0.133333 0.193056 0.186111
4 0.135417 0.386806 0.193056 0.184722
5 0.650694 0.609028 0.181944 0.181944
5 0.143750 0.651389 0.179167 0.175000
7 0.140972 0.865972 0.198611 0.193056
